$ANSIBLE_VAULT;1.1;AES256
36316564303362356666343231383239636134326432343663343963323463643463326538613531
3637383835613262663834353734326531373439393866310a353137336134383938356232363036
62616133646362323533383764346232646438383164356636383966636663346461396131373733
6131376137633138630a623263393432383231633238376239633230663530373636616163343830
33306665633164376436663739343237313935373863613436396531623335343437333937646334
38363163316263633064333461353434343635623063613166633166663564653863663134356331
61356633316365373836303839653531303561623935313534363364633462633535303335376231
39356331376135633162613530316435396136643636663234306135366637613533623361643034
36336635373931663433663361616531613036323937663535646333663863366438366363656263
32366432653063383436383737613533383466623862356533636464393232313133333934393333
63643463336165393461393839373132623333656336356130363466623965626663363734366534
62656631333431316666326466383931353430336537613838343838643763333138346137646465
33383438396531393036396661663237633836633638626431373737393264636566343830386633
38616438623134333635363138643035393963333138316637636663656632383936373938386632
36656439626361353936306564346437373862376138356663636330346338323531666537616539
65363836663936613035
